36,160
36,159
36,157
36,156
36,155
36,154
36,153
36,152
36,151
36,150
36,149
36,148
36,147
36,114
36,113
36,112
36,111
36,74
36,65
36,72
36,71
36,70
36,69
36,68
36,67
36,32
36,19
36,18
36,7
36,17
36,8
36,5
95,35
36,64
27,4
27,1
27,3
14,5
36,34
36,16
36,6
36,33
36,4
36,1
36,100
36,3
14,6
3,1
3,3
10,163
10,99
10,175
10,25
10,177
10,65
11,16
11,15
11,12
9,7
9,5
8,7
8,10
8,15
8,9
0,318
20,3
20,2
20,1
19,3
19,2
19,1
12,3
12,2
12,1
11,30
11,29
11,28
11,27
11,26
11,25
11,24
11,23
11,22
11,21
11,19
11,18
11,17
11,13
11,11
11,7
11,3
11,2
18,1
11,1
18,3
10,316
10,315
10,314
10,313
10,312
10,311
10,310
10,309
10,308
10,307
10,306
10,305
10,304
10,303
10,302
10,301
10,300
10,299
10,298
10,297
10,296
10,295
14,1
14,7
14,3
13,1
13,3
10,294
10,293
10,292
10,291
10,290
10,289
10,288
10,287
10,286
10,285
10,284
10,283
10,282
10,281
10,280
10,279
10,278
10,277
10,276
10,275
10,274
10,273
10,272
